87
39
72
34
24
67
35
58
39
13
26
69
44
16
26
35
55
66
25
41
17
24
26
84
58
46
22
31
28
33
53
95
94
97
17
69
12
21
39
35
54
32
99
44
59
79
92
77
34
39
88
33
72
88
76
94
44
15
11
63
43
15
79
17
39
88
81
59
23
46
11
54
73
29
65
45
42
39
88
27
64
74
39
82
65
34
81
24
19
96
18
55
72
26
31
79
84
32
66
38
49
42
63
96
88
12
59
68
82
46
44
36
84
74
32
54
29
44
23
84
15
89
47
66
16
85
18
54
28
95
39
78
56
37
97
31
34
72
23
13
62
89
67
93
17
45
55
27
76
23
89
46
95
36
81
27
12
61
51
14
22
22
61
88
41
41
66
12
16
59
32
35
12
16
52
27
94
44
72
83
99
65
84
63
41
38
98
85
89
84
59
88
38
22
53
85
46
46
54
13
26
69
62
99
67
98
59
19
33
24
37
81
67
72
11
86
93
11
42
32
35
11
73
41
74
41
78
57
41
88
84
46
84
73
49
48
33
39
88
14
62
46
89
17
69
32
24
44
99
13
32
75
67
15
91
37
55
45
24
28
88
79
33
27
29
73
88
27
56
32
22
38
17
73
33
65
33
93
45
68
86
43
22
76
72
67
43
59
48
58
69
48
65
87
63
98
38
31
94
11
23
74
58
68
48
27
99
77
35
76
63
22
79
85
78
36
31
69
87
94
69
79
62
96
94
69
57
72
24
34
15
89
87
33
58
33
28
68
37
42
43
73
26
49
11
52
19
48
65
36
37
55
26
97
23
95
74
86
18
14
78
19
48
96
62
86
58
44
66
18
18
88
77
88
98
71
33
74
52
39
55
82
77
83
44
79
88
24
32
67
24
54
99
34
43
87
31
19
66
72
91
16
55
26
39
58
99
14
57
15
61
16
44
33
51
83
66
76
54
67
34
61
89
93
85
45
72
11
39
44
57
45
97
36
59
83
34
81
84
81
56
96
55
73
88
26
61
98
53
73
15
27
77
18
52
19
82
86
83
16
33
57
42
33
14
48
16
11
91
98
13
87
12
78
22
56
31
88
44
69
85
83
79
84
73
78
54
55
21
62
92
99
65
28
39
62
63
43
36
66
28
58
18
94
96
33
83
26
85
59
18
18
53
35
68
48
99
16
54
37
54
68
18
45
38
41
36
51
73
98
45
32
46
11
24
59
93
69
44
92
76
39
94
59
34
29
66
28
89
74
64
43
81
37
77
46
88
58
54
57
65
52
94
23
53
63
33
86
48
76
28
19
42
21
68
41
93
22
33
79
35
57
27
11
55
47
56
68
83
75
54
41
82
68
87
16
59
62
45
51
94
14
85
57
32
91
78
88
65
15
33
47
95
29
23
52
95
56
11
25
75
21
96
54
41
22
35
25
11
14
88
18
31
44
82
57
18
68
63
94
56
22
67
34
79
79
84
65
33
27
79
23
89
33
86
27
92
59
73
97
35
73
36
28
58
86
94
99
68
28
45
39
38
62
28
51
11
93
45
88
69
72
99
29
54
48
45
73
51
69
81
27
97
38
73
28
66
77
98
61
77
66
28
85
75
78
84
66
35
83
62
11
71
22
92
22
66
22
54
68
43
75
73
88
34
51
85
28
91
42
66
41
99
47
66
45
88
25
17
55
19
99
81
37
48
25
35
16
41
14
76
59
36
32
98
78
66
53
52
34
83
63
59
88
68
31
36
11
24
63
83
72
98
36
99
35
71
67
18
34
78
23
97
53
41
37
25
34
71
33
92
55
99
33
86
19
14
54
89
44
44
91
37
46
53
66
82
34
94
31
55
64
95
13
22
17
82
55
48
45
15
36
14
87
75
76
99
86
77
36
57
41
75
82
35
62
25
26
16
57
19
45
45
76
99
79
78
31
65
17
92
82
99
16
93
64
77
74
82
14
13
11
19
18
25
41
95
52
67
89
98
63
89
95
15
48
46
52
94
16
15
59
71
12
67
89
24
98
26
19
48
11
78
13
77
13
15
23
38
78
11
67
65
77
55
43
55
31
88
13
93
12
78
42
19
36
66
55
88
57
53
55
99
84
17
33
52
55
81
46
64
52
26
17
91
24
61
22
77
99
15
89
61
11
42
52
31
65
22
85
69
34
84
25
33
74
72
21
77
33
14
81
31
95
48
37
53
61
56
36
65
71
48
17
88
59
46
88
52
45
96
74
99
89
22
17
57
87
26
21
17
57
52
45
79
45
54
78
56
76
