7
34849
751
375
84
67
35
8
336989
43
41
6
4
11
6
395
5
6
65
4
167
21
3314
34
4
466
88
31
28558
3
63
9
4
9
14
2
37
21
8939
375
5
32
9
4
9
9
2
47
34
9
8
3
42
8
6
954
9
185
321
15
43
5
12
1627
3239
18
81
736
24461
6
1
54
13
22
6915
81945
45
9
538
27
94
713339
97
6856
5
37
51
24
113
146
15
5
7
79
781
69
4
32
6158
38
889
4
3
56
8
1
9
6512
5
4
4
36
864
74
3718
4
283
254
53
89
168
2979
6
6576
786
7
3946
9
2
2
3
78
51167
7
982
91
5
74
22
123
652
69
682
92
68
42215
553
7
87
2
89
46
965
36
83
227
1
61
5279
12594
2
2
51
89
431
43991
6
12
1
35
92
35
12
1766
5
1
1
4
92
867193
9
3497935
4
23
61
118
9868
85
19
29
599699
898
362
2
31468
865
4
46
571
13
298366
35
4
96
6
948
9
14
3
4744
1
819
36
771
19123
836
3
1
498
3
995
13
7
9251
7194
91
7719
5
42
58
654
49646
4
7373
9
188
3
399
838
12
62
46
8119
1968
9
1
14
44
9989
3
52
775
2
15
91
15
5
4
23
28
8
79
3
2
319
7
83
2
551
364
226
28
187
7552
3
25
33
953
45
522
81
413
2
8
754
26
24
9
858
5756
679
4
65
451
6
61
371
361
984
351
423
4
58
88
83
9
9
647
3
7946
3
2
739
2
688
335436
3
79
7
9
789
9749
62
96
824
65
91
7
299
374
197
88
27
3
5
3
938
6
3
43
4113
7
356
18
11
54
169
1
5
3
577
5
2
9557
78
9995
784
46
19158
1
7
39
468
9
62
66
5248
44
659
1
8
88
4125
8
941
71
45
7
5845
39
5
8
77
81513
4
749
8
4
52
97
85884
4
9949
324
3
77
8
1632
6
2
1
6
57925
326
329
5464
92659
93
57
22
69
47
4
32723
51
8937
6
746
585
67
3134
1
838
93
445
5
7
1
89
4
847
45
947
936
5419
86
624
41
88
1
56
4
55
3
81419
6
6
99
53
73
3
2577
7
19
2
39
82
726
4
46
3
54
48
3
14
4618
1
1
4
8
9
27
1
758
222
512
1
398
484
319
6
863
73
844
758
36
7584
59
1
2
92
9
6595
243
39
6
1
5133
5
6
258
5916
1762
5454
616
3
8
26
8895
539
947
18
93
375
86
41
3
13
54
61
1434
63231
1119
45
8
48
356
56
4
95
4
32
476
191
27
3
933
6
84
9862
75
37979
9
9
34
6
6
9
9
7
658
46743
51
7
7
44
878
4
79
7
45
2
4
9
5962
3
6233
826
5
75
298
19
322
51
6918
29
7683
2
33
7
35
95
227
1
3
47
599
6
8578
95
534
4692
882
9
87
6
59462
82
455
95
97
1
82
527
34
9728
728
55
1
12
3
7
995
289
28
5349
984
6
8
2365
5
4
999
85
71
2
39
2
1
18924
8
14
3
8
7
5
12
6878
6
9781
6
2
7
564
7849
6113
2
632
4
375
7
23
8542
3
65
247
94
5
79473
97
33
413
314
1888
528
86
9474
876
67
78
46
9
18
62
374188
5611
1
161
45
88
9
7422
99
9
4
88
418
7
1
9
8
22
927
375
563
65
6
7
9
31
7
6826
22
8841
9188
285
84
6
5
8793
692
1
7
2
9
6
6
2
5835
8
473
5
73
5
3
561
865
83
97
2
66
41
8
47
62
45
8
5
77
5
19
959
8
7
4
25
35
16
41
694
76
56
3823
92
9
79
6236
53
7
34
83
3
566
8
4
1
36
1
14
63
3
782
8
367
9
575
771
6
8
13814
519
6
9
563
4
7
2
321
71
355
62
55
69
3
16
139
8
4
89
7
4
9
3
926
578923
66
961
3455
9
29
5
61325
461
653
1
1
82
565
48
4775
1
36
24
46
79
71
9
86
7
77
9
41
7
8192
34
6
48
316
126
524
9
45
55
76
93
74
632
1
5
4
946
8
9
1629
973
614
77
124
582
13794
1833
1
329
129
265
891
434
98
74
8
9
62273
8
89
15
68
446
5
9
16
15
81
71
672
677
8689
4
88618
326
1139
7
1
56667
23
7397
5
5
23
368
7
1
67
88
732457
579625
4313
55
1
86
13
23
1
78
5682
6
3
6976
55
8
537
89
5
899
8
17
3
9
5
4
46
34
5
21259
1227
1
4
68
2
7
9
15
6579
61
951
42
52
31
692
34
8415
9
34
4
1
6
741
7424
81
7
3
19
7
371
915
88
3
5
91
63776
36
5
761
5
9837
8
59
486
8
5
4
58
76414
9
8471
32
797
7
87
24
28
167
7
9
445
7559
46
5
998
76
7186
