[8, 1, 2, 8, 7]
[3, 5, 4, 84, 4, 9]
[75, 7, 1, 1, 2]
[3, 7, 5, 4]
[2, 9, 8, 8, 4]
[6, 3, 6, 7]
[35]
[5, 3, 8]
[3369, 8, 9, 89]
[1, 6, 4, 7, 3]
[2, 4, 1, 3, 5, 6]
[6, 6, 6, 9]
[4]
[1, 11, 6]
[2, 6]
[39, 2, 5]
[5]
[6, 9]
[2, 2, 6, 8, 5]
[4, 1]
[1, 6, 67]
[2, 6, 1, 1, 4]
[2, 1, 3, 5, 314, 6, 6]
[8, 34]
[5, 4, 8]
[4, 8, 6, 9, 6]
[2, 7, 8, 7, 8, 2]
[4, 31]
[2, 8, 7, 5, 58]
[3, 8, 3]
[5, 3, 8, 63]
[9, 4, 5]
[9, 9, 5, 5, 4]
[9, 2, 7]
[1, 4, 5, 4, 7]
[6, 2, 5, 9, 4, 9]
[1, 3, 7, 2]
[2, 1]
[3, 8, 6, 9, 39]
[37, 3, 5, 5]
[5, 1, 4]
[3, 8, 2]
[9]
[4]
[5, 2, 9]
[7, 7, 1, 4, 9]
[9, 7, 2]
[7, 47]
[34]
[3, 8, 9]
[8, 9, 1, 1, 1, 8]
[3]
[7, 5, 4, 6, 9, 2]
[8]
[7, 5, 6]
[954]
[4, 9, 4]
[185, 1, 5]
[1, 9, 2, 6, 3, 8, 21]
[6, 15, 3]
[43]
[1, 5]
[7, 12, 9]
[1, 9, 62, 5, 7]
[32, 8, 3, 7, 9, 9]
[8, 2, 1, 8]
[81]
[5, 7, 2, 36, 9]
[2, 4, 4461, 3]
[4, 6, 6]
[1]
[5, 4]
[7, 1, 3]
[22, 9, 5]
[6, 6, 915]
[4, 7, 81945]
[4, 5, 2]
[3, 4, 8, 9]
[8, 5, 9, 3, 8]
[2, 2, 2, 7]
[6, 4, 9, 4]
[713339, 4]
[3, 5, 9, 5, 9, 7, 9]
[8, 68, 4, 5, 3, 7, 6, 2]
[6, 8, 5]
[3, 1, 7, 5, 4]
[8, 5, 8, 1]
[2, 3, 4]
[1, 1, 4, 2, 3, 9]
[9, 1, 4, 46]
[1, 9, 5, 6, 5, 8]
[5, 9, 5]
[7, 2]
[2, 79, 3, 6]
[3, 7, 5, 8, 1]
[7, 69]
[8, 9, 4]
[3, 5, 2]
[615, 6, 1, 8, 6]
[3, 3, 8]
[4, 2, 889, 1]
[4, 4, 2]
[6, 4, 7, 3]
[9, 56]
[8]
[1, 2]
[5, 3, 9]
[6512, 1, 8, 2]
[1, 8, 5, 5, 2]
[4, 6]
[4, 4]
[36]
[8, 6, 6, 6, 2, 4]
[74]
[3, 3, 7, 7, 1, 18, 2, 1]
[5, 7, 4]
[2, 8, 9, 8, 8, 3, 9]
[4, 9, 3, 2, 3, 5, 4, 4]
[2, 53]
[89, 4]
[168, 5]
[8, 29, 4, 79]
[4, 7, 6, 7]
[6, 1, 57, 1, 4, 6]
[1, 7, 9, 3, 86]
[8, 2, 7, 4, 5]
[1, 3946, 8, 2]
[5, 6, 9, 4]
[2, 7, 8]
[9, 5, 9, 2, 5]
[3, 9, 9]
[7, 7, 8]
[51, 1, 6, 7, 6]
[3, 2, 7]
[9, 8, 5, 9, 2, 2, 7]
[3, 5, 1, 9, 91]
[3, 3, 5, 4]
[7, 4, 2]
[22, 3]
[1, 2, 8, 7, 3]
[65, 8, 2]
[8, 69]
[6, 6, 8, 2, 7]
[9, 2, 8, 3]
[1, 68, 7]
[422, 1, 1, 5]
[55, 9, 3, 7, 6, 5]
[2, 7]
[7, 87, 9, 6]
[2, 2, 8, 3]
[89]
[4, 6]
[9, 7, 2, 8, 65]
[3, 7, 7, 6]
[83, 1]
[2, 2, 7]
[1, 2]
[6, 1, 1]
[52, 79, 1]
[1259, 1, 4]
[2, 2]
[2, 2]
[6, 7, 5, 1]
[8, 9, 8]
[4, 3, 7, 1]
[4, 39, 91]
[6]
[1, 5, 1, 2]
[1, 5, 6]
[5, 35, 9]
[3, 92]
[3, 7, 3, 5]
[1, 7, 2]
[176, 8, 6]
[5, 7, 3, 6, 5, 2, 1]
[2, 1, 4, 7]
[9, 1, 2, 3, 4]
[4]
[7, 6, 92]
[867, 193]
[9]
[6, 3497935]
[8, 4]
[6, 1, 1, 8, 6, 2, 8, 3]
[4, 5, 61, 1]
[3, 7, 1, 1, 1, 2, 8]
[986, 6, 8]
[8, 4, 1, 5]
[1, 8, 5, 3, 19]
[8, 7, 2, 29, 4]
[5, 99699]
[8, 9, 1, 8, 1, 8]
[362, 6, 8]
[2]
[5, 31468, 3]
[86, 5]
[4, 6]
[4, 6]
[571, 4]
[1, 8, 3]
[2, 4, 98, 366]
[6, 3, 4, 4, 5, 9]
[6, 4, 9, 3, 2]
[9, 3, 6, 9]
[6, 4, 2, 2, 4, 7]
[9, 6, 48]
[5, 4, 9]
[14, 9]
[3, 3]
[2, 474, 2, 4]
[3, 5, 1, 7]
[8, 1, 7, 1, 9, 1]
[6, 3, 6, 7]
[77, 9, 1, 2]
[19123, 3, 6, 1]
[83, 6, 6, 2, 7, 6]
[9, 3]
[1]
[498, 9, 1, 2]
[3, 2, 1]
[3, 9, 1, 9, 9, 7, 5]
[1, 5, 4, 3, 3, 1]
[7, 3]
[4, 9, 9, 25, 3, 1]
[7, 3, 19, 4]
[4, 91]
[771, 2, 9, 8]
[5, 7]
[4, 3, 2, 7, 1]
[8, 58]
[8, 6, 1, 54]
[4, 2, 9646]
[1, 8, 4]
[7373]
[4, 7, 1, 9]
[4, 6, 8, 188]
[3]
[3, 5, 9, 8, 9]
[8, 8, 3, 38, 8, 1]
[1, 7, 9, 2, 4]
[6, 8, 6, 2]
[46, 6, 6]
[8, 8, 2, 119]
[1, 9, 9, 6, 68, 7]
[6, 9]
[3, 7, 1, 1, 2]
[2, 14]
[4, 4]
[998, 3, 1, 9]
[1, 7, 1, 3]
[3, 5, 5, 2]
[7, 1, 7, 3, 5]
[6, 2, 1, 6, 8, 7]
[1, 5]
[91]
[3, 5, 1, 8, 5, 6, 7]
[5, 8, 5]
[4, 5]
[23, 7, 3, 7, 4]
[2, 4, 1, 2, 8]
[8, 2, 3, 2, 2, 8]
[7, 7, 9]
[3, 9, 3]
[2, 4, 4, 5, 7]
[2, 319]
[7, 3]
[8, 6, 2, 3, 3, 8, 2]
[2, 7]
[551, 6]
[3, 7, 64, 2]
[2, 6, 26, 2]
[3, 5, 2, 6, 8]
[7, 1, 8, 7]
[755, 3, 2, 7, 2, 3]
[3]
[6, 2, 2, 8, 5]
[3, 3]
[9, 1, 53]
[4, 9, 1, 5]
[6, 5, 2, 2, 8]
[81, 6]
[41, 1, 7, 3]
[2]
[7, 8, 6]
[7, 54, 6, 2, 1]
[6, 2, 8, 6, 7]
[4, 2, 3, 9, 4, 1, 3]
[5, 5, 9, 9]
[4, 85, 2, 8]
[5, 2, 756, 2, 1, 8]
[679]
[4, 1, 1, 8]
[6, 6, 3, 3, 4, 5]
[8, 2, 6, 4, 6, 51, 7]
[6, 7, 7, 9, 5, 3]
[9, 61, 9, 8]
[3, 71, 5, 8]
[361]
[9, 4, 9, 8, 8, 6, 4]
[1, 351]
[2, 1, 6, 4, 8, 23]
[7, 5, 3, 5, 8, 4, 4]
[58, 8]
[6, 88]
[4, 8, 3, 8]
[2, 9, 7]
[9]
[7, 1, 6, 47]
[3, 5, 5]
[7, 6, 946]
[6, 8, 3]
[2]
[73, 9, 9]
[8, 2, 5]
[7, 6, 8, 8]
[33, 7, 5436]
[3, 3, 1, 2, 1]
[6, 6, 2, 5, 79]
[8, 7, 7]
[9, 3, 4]
[6, 7, 89]
[7, 97, 6, 6, 4, 9]
[6, 8, 6, 2]
[9, 4, 1, 2, 6]
[9, 82, 6, 1, 4, 4]
[65, 1, 9]
[5, 1, 9, 1, 9, 7]
[7, 2]
[2, 5, 99, 4]
[3, 1, 8, 3, 3, 74]
[1, 97, 5]
[88, 9]
[8, 1, 2, 3, 7]
[3]
[5, 6, 2, 8]
[3]
[2, 93, 6, 7, 4, 8]
[6, 8]
[3, 3, 8, 6, 7]
[4, 3, 2]
[411, 3]
[7, 9, 3]
[2, 35, 9, 6, 5, 6]
[4, 1, 8, 9]
[1, 1]
[5, 7, 7, 8, 4, 4, 2]
[1, 4, 1, 2, 69]
[4, 1, 8, 2]
[6, 1, 5]
[3, 6]
[3, 6, 5, 1, 77]
[5]
[2, 2, 6]
[95, 8, 57, 7]
[2, 1, 7, 1, 8, 3]
[9, 7, 5, 9, 995]
[7, 5, 8, 4]
[8, 46]
[1, 9, 9, 2, 1, 8, 58]
[1, 7, 4, 4]
[7, 1, 8]
[1, 9, 3, 3, 8, 9]
[4, 9, 4, 46, 8, 8]
[9, 3, 6]
[6, 1, 6, 4, 1, 62]
[8, 2, 4, 6, 8, 6]
[52, 6, 4, 8]
[4, 2, 4]
[6, 2, 5, 9, 9, 6]
[1, 4, 8]
[1, 8]
[8, 2, 8]
[7, 41, 25, 7]
[8]
[941, 8]
[1, 7, 4, 1]
[3, 6, 4, 4, 5, 3]
[7, 9, 4]
[5, 8, 4, 3, 5, 2]
[3, 7, 9]
[5, 5]
[8, 4, 2]
[7, 4, 77]
[8, 9, 1, 1513]
[4, 4]
[7, 7, 2, 49]
[1, 8, 8]
[2, 4]
[3, 6, 5, 2]
[6, 9, 8, 8, 7]
[2, 1, 8, 5, 5, 884]
[5, 3, 6, 4]
[9, 4, 949]
[3, 5, 2, 4]
[4, 3]
[8, 7, 3, 1, 7]
[3, 8, 1]
[16, 8, 7, 6, 32, 9]
[6, 6]
[7, 3, 2]
[9, 3, 1]
[1, 9, 6]
[5, 7, 3, 925]
[2, 32, 6]
[32, 7, 9]
[5464, 8]
[92, 5, 6, 59]
[1, 1, 93, 4]
[5, 4, 7]
[1, 22, 5]
[6, 6, 9, 8, 4, 1]
[1, 7, 8, 47, 6]
[4]
[3, 2, 7, 72, 1, 3]
[5, 7, 3, 5, 1]
[89, 37, 8, 3]
[6]
[7, 4, 7, 6, 6]
[5, 2, 8, 85, 3, 4]
[6, 3, 7]
[3134]
[6, 1]
[8, 7, 8, 38, 9]
[93, 3]
[8, 4, 4, 8, 5]
[4, 5]
[7, 4, 2, 1]
[1]
[3, 6, 8, 9]
[4]
[5, 8, 3, 4, 7]
[45]
[9, 4, 8, 7]
[3, 9, 2, 3, 3, 6]
[5, 41, 7, 4, 9]
[86, 3]
[3, 6, 9, 24]
[8, 4, 1]
[8, 8, 4]
[1, 8, 1]
[5, 6, 6]
[9, 1, 4, 4, 3, 6]
[5, 6, 5]
[7, 1, 4, 3]
[8141, 4, 9, 1, 8]
[2, 3, 6]
[6, 1]
[99, 8]
[5, 3, 2, 3]
[7, 7, 5, 3, 3, 3]
[1, 3, 1, 5]
[2, 4, 3, 5, 4, 7, 7]
[7]
[19, 8]
[5, 4, 2]
[1, 2, 4, 1, 3, 4, 2, 9]
[8, 3, 7, 2]
[8, 7, 2, 6]
[8, 6, 9, 4, 3]
[1, 46]
[3]
[5, 3, 4, 7]
[48, 2]
[3]
[14]
[4618]
[1, 3, 6]
[1]
[9, 7, 6, 4, 1]
[9, 4, 8]
[1, 9, 3]
[1, 8, 5, 27]
[1, 3, 3, 9, 2]
[7, 2, 58]
[22, 2]
[5, 12, 6]
[3, 1]
[1, 8, 3, 6, 9, 8]
[4, 1, 84]
[6, 3, 19]
[8, 6, 8, 8, 5]
[8, 6, 1, 3]
[7, 3, 5, 5, 9]
[8, 44]
[7, 58, 2, 3]
[7, 7, 36, 4, 1, 8]
[5, 758, 8, 8, 4]
[59, 1, 6, 5]
[2, 1, 1]
[1, 6, 8, 9, 9, 2]
[9, 8, 2]
[9]
[659, 4, 8, 7, 5]
[243, 1, 8]
[3, 9]
[6, 2, 2]
[6, 4, 4, 6, 1, 3]
[4, 5133]
[3, 5, 3, 6]
[6, 4, 2, 6]
[2, 3, 5, 6, 7, 8]
[59, 4, 1, 6, 8]
[1, 76, 2, 2, 1, 8]
[9, 5, 9, 4, 4, 54]
[9, 6, 16]
[3, 1, 8]
[8, 3]
[26]
[88, 1, 7, 95]
[53, 7, 9]
[1, 947, 2, 6, 8]
[1, 8, 8]
[5, 3, 9, 2, 3]
[3, 7, 7, 5]
[6, 4, 86, 4, 8]
[4, 6, 1, 8]
[9, 3, 9]
[1, 3, 6]
[5, 9, 4]
[3, 6, 9, 1, 7]
[5, 1, 8, 1, 434]
[6, 2, 3231, 8]
[1, 8, 11, 2, 9, 1, 3, 8]
[45]
[3, 2, 8, 8]
[4, 7, 8, 1]
[356]
[5, 9, 8, 6, 1]
[7, 4, 3]
[9, 1, 5, 1, 8]
[4, 6, 5]
[3, 3, 2, 2]
[476]
[1, 1, 7, 91]
[27, 8, 6, 3, 2, 4]
[5, 3, 9]
[9, 33]
[6, 4, 9]
[4, 9, 8, 6, 4]
[9, 862]
[7, 1, 7, 8, 5, 6]
[3, 3, 7979]
[9, 2, 4]
[5, 9]
[3, 4]
[2, 1, 6, 6, 9, 6, 1, 9]
[6]
[2, 9, 6, 8]
[8, 9]
[7, 7, 4]
[65, 3, 8, 8, 4]
[46, 3, 7, 9, 43]
[1, 8, 4, 5, 6, 9, 1]
[3, 7]
[7, 7]
[4, 7, 4, 6, 6]
[8, 6, 6, 8, 7, 3, 9, 8]
[5, 3, 2, 7, 4, 8, 8]
[5, 79, 4]
[5, 9, 7, 7]
[6, 2, 45]
[5, 2]
[9, 8, 2, 4]
[2, 6, 9, 2, 3]
[5, 9, 8, 7, 62, 3]
[6, 3]
[3, 62, 3, 3]
[8, 6, 2, 6, 6]
[4, 5, 6, 5, 8, 2]
[7, 5, 7, 6]
[29, 2, 8]
[1, 6, 5, 9]
[4, 32, 6, 2]
[2, 5, 6, 1]
[69, 8, 1, 18]
[4, 3, 29, 6, 3, 1]
[9, 7683]
[2]
[3, 3, 3]
[7, 4, 3, 9]
[3, 7, 5, 1, 5]
[5, 9, 7, 8, 4, 5, 7]
[2, 6, 27]
[1]
[5, 9, 2, 3, 5]
[4, 9, 4, 7, 7]
[5, 4, 99, 8, 6]
[6, 8]
[85, 4, 7, 8, 3]
[7, 5, 95]
[5, 34]
[4, 469, 2, 1]
[8, 7, 82]
[6, 7, 9, 4, 1, 8]
[87]
[6, 1, 6]
[5, 9, 8, 462, 9]
[6, 3, 6, 82]
[455]
[5, 9, 5, 5, 9, 1]
[9, 5, 7, 4]
[1, 1, 7, 9, 7, 4]
[82, 5]
[52, 7, 7]
[3, 7, 34, 2]
[97, 2, 8, 1]
[7, 2, 4, 2, 8]
[8, 55, 8]
[6, 1, 5]
[1, 2, 5, 1]
[3, 7, 3]
[4, 2, 7]
[9, 8, 95]
[289]
[28, 3]
[5, 8, 349, 2]
[98, 5, 4, 5]
[5, 6, 3, 5, 6]
[1, 5, 8, 1]
[236, 5, 5, 5]
[7, 5]
[2, 4, 8, 1]
[99, 5, 9, 6]
[5, 4, 85, 4]
[4, 7, 1]
[2]
[3, 9, 5]
[2, 2, 9, 5]
[1, 2, 1, 7, 4, 6, 1]
[18924]
[8]
[1, 4, 6, 8]
[3, 3, 1]
[4, 8, 8, 4]
[8, 7, 2]
[5, 9, 5, 5, 7]
[1, 8, 5, 2, 8]
[6, 6, 8, 7, 8]
[6, 3]
[9, 4, 78, 1, 1, 4]
[5, 6, 6]
[2, 2, 1]
[6, 1, 6, 7]
[3, 6, 56, 5, 4]
[78, 7, 4, 9]
[7, 61, 13, 3, 9]
[8, 6, 2, 4]
[6, 632, 7, 5]
[3, 4, 7, 3]
[2, 3, 7, 8, 5, 7]
[7, 9]
[2, 8, 3]
[8, 8, 6, 54, 2, 9]
[3]
[8, 65, 9, 6]
[247]
[9, 8, 4, 2, 2]
[5, 9]
[7, 9, 473]
[9, 4, 7]
[3, 3, 5]
[7, 4, 6, 1, 8, 3]
[3, 1, 9, 4, 6]
[2, 4, 1, 8, 5, 88, 8, 2]
[5, 5, 1, 2, 9, 8]
[8, 6]
[9, 4, 7, 4]
[9, 7, 876, 9]
[6, 7, 8]
[2, 78]
[4, 6, 5]
[3, 4, 5, 9]
[3, 18]
[6, 2]
[2, 1, 374, 7, 18, 3, 8]
[56, 1, 1]
[1]
[9, 1, 9, 61, 1, 3]
[4, 4, 5]
[8, 1, 8]
[6, 9]
[74, 4, 2, 2]
[9, 4, 5, 7, 9]
[9, 2, 1, 9]
[5, 4]
[4, 8, 8, 8]
[41, 6, 6, 8, 5]
[4, 7, 2, 3]
[5, 2, 1]
[6, 9, 9, 9]
[8, 5, 2, 1]
[22, 7]
[9, 1, 5, 2, 7]
[37, 1, 5, 8, 2]
[7, 7, 5, 7, 6, 3]
[2, 8, 65, 1, 8]
[6]
[7]
[9, 5, 9, 9, 8]
[6, 3, 6, 1]
[7, 9, 9, 4, 7]
[6826]
[22, 8]
[88, 41, 5]
[7, 9, 8, 1, 88, 5]
[7, 5, 6, 285, 4, 8]
[8, 7, 4]
[6, 8, 9, 6]
[3, 5, 5]
[8, 7, 93]
[692]
[1]
[7, 5, 5, 1]
[2, 8, 7, 4, 2, 1]
[9, 5, 6, 2]
[2, 6, 2]
[6]
[2, 5, 2]
[58, 3, 3, 5, 7, 4]
[6, 1, 8]
[4, 73]
[7, 5]
[73]
[8, 5, 5, 8]
[3, 8, 2, 4]
[5, 4, 6, 4, 1]
[865]
[2, 2, 83, 8]
[9, 5, 8, 9, 7, 1]
[4, 2]
[1, 66]
[4, 9, 1]
[4, 9, 8, 9]
[47]
[6, 6, 2, 6]
[4, 5, 3, 1, 5]
[8]
[2, 1, 5]
[1, 77]
[5]
[1, 19]
[9, 9, 8, 59]
[8, 8, 3, 1]
[3, 7]
[4, 8]
[2, 9, 9, 6, 6, 5, 5]
[3, 7, 5]
[1, 6]
[4, 6, 1]
[1, 6, 5, 94]
[7, 6]
[56, 5, 9]
[3, 8, 6, 823, 8, 1, 6]
[3, 92]
[9, 8]
[79, 7, 8]
[6, 7, 6, 23, 2, 6]
[5, 4, 8, 1, 3]
[5, 7, 2]
[3, 4]
[8, 3]
[6, 7, 3]
[566, 9]
[8]
[6, 4, 9, 8]
[3, 6, 7, 1]
[36]
[1, 9, 1]
[2, 1, 4, 4]
[63]
[8, 5, 7, 6, 3]
[782, 8]
[9, 8]
[367, 6]
[9]
[3, 5, 75]
[1, 7, 7, 3, 1]
[6, 7]
[1, 8]
[3, 1, 38, 14]
[7, 51, 7, 9, 8]
[2, 2, 6, 3]
[9, 7]
[5, 56, 3, 3]
[4, 1]
[3, 7]
[2, 3, 9, 5]
[32, 5, 1, 4]
[71]
[35, 7, 5, 3]
[9, 7, 6, 2]
[5, 8, 5]
[9, 69]
[3]
[1, 8, 16]
[1, 7, 4, 39]
[1, 8, 1, 4]
[5, 4]
[8, 9]
[4, 7, 2, 6, 6, 3, 4, 4]
[4, 4]
[9, 9, 1]
[3, 5, 8, 7]
[4, 92, 9, 6]
[5, 2, 78, 923]
[6, 9, 8, 6]
[8, 2, 961, 8, 1, 1, 2]
[3, 3, 45, 5, 4]
[9, 7, 5, 9, 4]
[3, 2, 9, 1]
[5, 5]
[613, 25, 4]
[9, 4, 2, 61, 8, 5]
[1, 65, 1, 3, 7, 3]
[2, 8, 6, 6, 1, 4, 3, 2]
[1, 7]
[8, 3, 2, 2]
[5, 3, 65]
[4, 8]
[4, 5, 9, 775]
[1, 7, 5]
[3, 5, 2, 6, 3, 6]
[1, 3, 24]
[8, 4, 7, 6, 7, 7]
[7, 79, 5]
[7, 1, 6]
[9]
[8, 6]
[7, 2, 7]
[3, 7, 1, 7, 6]
[5, 9, 9, 7]
[4, 5, 1, 1]
[7, 7, 6, 2, 4, 1, 5]
[81, 2, 9, 2]
[34, 5]
[6, 2]
[2, 4, 2, 7, 8, 5]
[2, 3, 1, 6, 6]
[126]
[7, 524, 7]
[1, 9, 9]
[4, 9, 4, 3, 9, 5]
[4, 55]
[7, 6]
[93, 1, 9]
[7, 8, 4, 4, 9]
[7, 63, 5, 2, 8]
[3, 9, 1]
[6, 5]
[1, 4, 5, 7]
[94, 4, 6, 2]
[8, 3, 2]
[9]
[1, 9, 6, 7, 6, 29, 6]
[9, 7, 7, 3]
[6, 1, 7, 4]
[7, 5, 7]
[7, 124]
[8, 1, 582]
[1, 37, 4, 9, 4]
[1, 9, 833]
[1]
[1, 3, 29]
[1, 9, 29, 8]
[2, 6, 8, 2, 5, 6, 5]
[4, 89, 3, 1]
[9, 43, 4, 3, 1, 5]
[5, 1, 98, 2]
[6, 74, 7]
[8, 7, 9, 9]
[9, 8]
[622, 7, 3]
[8, 8, 9]
[9, 2, 8, 9, 5]
[1, 7, 8, 15]
[4, 2, 6, 8]
[4, 6, 46]
[5, 2]
[9, 4]
[1, 9, 6]
[1, 5]
[5, 81, 4, 9, 9]
[7, 3, 1]
[1, 6, 72, 3, 2]
[6, 5, 8, 7, 7]
[8, 8, 689]
[2, 4]
[9, 5, 7, 88618]
[2, 1, 326]
[1, 13, 9, 9]
[4, 7, 4, 3, 9, 8]
[1]
[7, 5, 4, 6667, 3, 8]
[1, 2, 3]
[739, 7]
[1, 1, 5, 3]
[1, 4, 5]
[23, 4, 7, 3]
[3, 5, 68]
[7, 8]
[1]
[6, 7, 7]
[6, 8, 88, 5]
[73, 2, 2, 8, 4, 3, 57]
[5, 4, 6, 79625]
[43, 4, 2, 13]
[5, 5]
[3, 3, 4, 1]
[8, 6, 8]
[13, 4, 7, 1, 3]
[9, 2, 7, 6, 3]
[1, 2]
[78, 8]
[4, 5, 7, 68, 2]
[1, 7, 6, 8, 6, 2, 9]
[3, 6]
[69, 3, 76]
[55]
[8]
[53, 3, 7]
[5, 8, 5, 89, 5, 3]
[5]
[9, 89, 7, 1, 9]
[8, 4]
[1, 2, 4, 7]
[3]
[5, 3, 9, 2]
[5]
[8, 4, 1]
[4, 9, 6]
[6, 34]
[5, 1, 2, 1]
[2125, 7, 9, 6]
[12, 4, 2, 5, 7]
[9, 1]
[2, 9, 4]
[68, 9, 3, 1]
[2, 2]
[7]
[9]
[1, 5]
[8, 65, 4, 79]
[6, 4, 1]
[1, 95, 9, 7, 1]
[4, 2]
[5, 8, 2]
[3, 1]
[6, 92, 5]
[2, 3, 1, 8, 4, 4, 2]
[841, 9, 5]
[6, 9]
[3, 4]
[8, 4]
[2, 1, 5]
[3, 6, 4, 3]
[7, 7, 1, 41, 4, 4]
[74, 2, 24, 2, 1]
[2, 7, 5, 6, 8, 7, 1]
[7]
[3]
[1, 4, 9, 4]
[8, 7, 7, 1]
[37, 5, 1]
[9, 5, 1, 5]
[4, 88]
[3, 7]
[5, 4, 7, 9, 1, 3]
[6, 9, 7, 1]
[5, 637, 7, 76]
[3, 1, 6]
[6, 3, 5]
[7, 61]
[4, 2, 5, 8, 8, 2]
[1, 983, 7, 6, 7]
[8]
[5, 9]
[4, 8, 86]
[8]
[5, 5, 2, 3, 2, 1]
[4, 4, 8, 5]
[9, 5, 9, 8, 6]
[76, 414]
[9]
[8471, 9]
[2, 1, 3, 3, 7, 2]
[1, 7, 8, 9, 7]
[5, 2, 7]
[8, 4, 3, 3, 7]
[2, 8, 4, 2, 2, 6]
[2, 7, 8, 1]
[1, 6, 5, 6, 3, 7]
[5, 7, 4, 7]
[5, 9, 2]
[44, 5, 5]
[7559]
[46, 5, 5]
[5, 4]
[7, 4, 4, 99, 7, 8]
[5, 1, 76]
[7, 7, 4, 186]
