87
39
752
34
24
67
3535
58
336989
13
26
69
44
16
26
395
55
69
25
41
167
24
26
834
58
46
22
3131
258
33
563
95
94
97
17
69
12
21
339
375
54
32
99
44
59
79
92
747
3434
39
88
33
72
88
76
954954
44
1855
121
63
4343
15
79
17
329
88
8181
59
23
46
11
54
73
229
6915
481945
42
39
88
27
64
7133394
39
82
65
34
81
24
19
946
18
55
72
26
31
769
84
32
6156
38
41
42
63
956
88
12
59
65122
12
46
44
3636
84
7474
31
54
29
44
253
894
1685
879
47
66
186
85
12
54
28
95
39
78
516
37
97
391
34
72
223
13
652
869
67
93
17
4225
555
27
76
23
8989
46
965
36
831
27
12
61
521
12594
22
22
61
88
41
491
66
12
16
59
392
35
12
1766
51
27
94
44
792
867193
99
63497935
84
63
41
38
9868
85
119
84
599699
88
3628
22
53
865
46
46
5714
13
2366
69
62
99
67
948
59
149
33
24
37
81
67
772
191231
836
93
11
4982
31
35
11
73
41
74
491
7718
57
41
858
854
49646
14
73737373
49
4188
33
39
81
14
62
466
8119
17
69
32
214
44
9989
13
32
75
67
15
9191
37
55
45
234
28
88
79
33
27
2319
73
82
27
5516
32
22
38
17
7553
33
65
33
953
45
68
816
413
22
76
71
67
43
59
48
58
679679
48
65
87
63
98
38
361361
94
1351
223
74
588
688
48
27
99
747
35
7946
63
22
739
85
78
335436
31
679
87
94
689
79
62
96
94
659
57
72
24
374
15
889
87
33
58
33
28
68
37
42
4113
73
26
49
11
52
169
42
65
36
377
55
26
957
23
9995
74
846
158
14
78
19
48
96
662
86
528
44
66
18
18
88
77
88
9418
11
33
74
52
39
55
82
777
81513
44
749
18
24
32
67
2884
54
9949
34
43
87
31
169
66
72
91
16
5925
26
329
54648
9259
14
57
15
61
16
44
33
51
893
66
76
54
67
31343134
61
89
933
85
45
71
11
39
44
57
4545
97
36
59
863
324
81
84
11
56
96
55
73
81418
26
61
998
53
73
15
27
77
198
52
19
82
86
83
146
33
57
482
33
1414
46184618
16
11
91
98
13
127
12
758
222
56
31
18
484
619
85
83
79
844
73
78
54
595
21
62
92
99
6595
2438
39
62
63
45133
36
66
28
598
18
954
916
31
83
2626
8895
539
18
18
53
35
68
48
99
16
54
37
5434
68
18
4545
38
41
356356
51
73
98
45
32
476476
191
274
59
933
69
44
9862
76
37979
94
59
34
29
66
28
89
74
654
4643
11
37
77
46
88
58
54
57
645
52
94
23
53
63
33
86
42
76
298
19
42
21
6918
41
97683
22
33
79
35
57
227
11
55
47
56
68
853
795
534
41
882
68
8787
16
59
682
455455
51
94
14
825
527
32
971
78
88
65
15
33
47
995
289289
283
52
985
56
11
2365
75
21
996
54
41
22
35
25
11
1892418924
88
18
31
44
82
57
18
68
63
94
56
21
67
34
789
79
84
65
33
27
79
23
89
33
86
247247
92
59
7473
97
35
73
36
22
58
86
94
99
68
278
45
39
318
62
28
561
11
93
45
88
69
742
99
99
54
48
415
73
51
69
81
227
97
372
73
28
66
77
98
61
77
68266826
228
885
75
78
84
66
35
893
692692
11
71
21
92
22
66
22
584
68
473
75
7373
88
34
51
865865
28
91
42
166
41
99
4747
66
45
88
25
177
55
119
959
81
37
48
25
35
16
41
194
76
569
36
392
98
798
66
53
52
34
83
63
5669
88
68
31
3636
11
24
6363
83
782782
98
3676
99
375
11
67
18
314
78
23
97
53
41
37
25
324
7171
353
92
55
969
33
116
139
14
54
89
44
44
91
37
46
5923
66
82
34
94
31
55
6134
95
13
22
17
82
565
48
4775
15
36
124
87
75
76
99
86
77
36
57
41
75
812
345
62
25
26
126126
5247
19
45
455
76
939
79
78
31
65
17
942
82
99
16
93
64
77
7124
8582
14
1833
11
129
18
25
41
95
52
67
89
98
6223
89
95
115
48
446
52
94
16
15
59
71
12
67
8689
24
988618
2326
19
48
11
78
13
7397
13
15
233
368
78
11
67
65
7357
579625
4313
55
31
88
133
93
12
7878
42
19
36
6976
5555
88
537
53
55
99
84
17
33
52
55
81
46
634
51
21256
127
91
24
681
22
77
99
15
879
61
11
42
52
31
65
22
8415
69
34
84
25
33
74
741
21
77
33
14
81
371
95
488
37
53
61
576
36
65
761
42
17
88
59
486
88
51
45
96
76414
99
84719
22
17
57
87
26
21
17
57
52
445
75597559
465
54
78
576
7186
